,subj-2_scrape-311_col-2,subj-2_scrape-311_col-3,subj-2_scrape-311_col-4,subj-2_scrape-306_col-3,subj-2_scrape-306_col-4,subj-2_multipore-80_col-2,subj-2_multipore-90_col-4,
subj-2_scrape-311_col-2,0,9,9,11,11,16,13,
subj-2_scrape-311_col-3,9,0,8,11,10,15,12,
subj-2_scrape-311_col-4,9,8,0,11,10,15,12,
subj-2_scrape-306_col-3,11,11,11,0,1,14,11,
subj-2_scrape-306_col-4,11,10,10,1,0,13,10,
subj-2_multipore-80_col-2,16,15,15,14,13,0,15,
subj-2_multipore-90_col-4,13,12,12,11,10,15,0,
