name: base
channels:
  - bioconda
  - defaults
dependencies:
  - _libgcc_mutex=0.1=main
  - asn1crypto=0.24.0=py37_0
  - blast=2.9.0=pl526h3066fca_4
  - bracken=2.5=py37hc9558a2_2
  - bzip2=1.0.8=h7b6447c_0
  - ca-certificates=2019.10.16=0
  - certifi=2019.9.11=py37_0
  - cffi=1.11.5=py37he75722e_1
  - chardet=3.0.4=py37_1
  - conda=4.7.12=py37_0
  - conda-env=2.6.0=1
  - conda-package-handling=1.6.0=py37h7b6447c_0
  - cryptography=2.4.2=py37h1ba5d50_0
  - curl=7.65.3=hbc83047_0
  - entrez-direct=11.0=pl526_1
  - expat=2.2.6=he6710b0_0
  - idna=2.8=py37_0
  - kraken2=2.0.7_beta=pl526h2d50403_0
  - krb5=1.16.1=h173b8e3_7
  - libcurl=7.65.3=h20c2e04_0
  - libedit=3.1.20181209=hc058e9b_0
  - libffi=3.2.1=hd88cf55_4
  - libgcc-ng=9.1.0=hdf63c60_0
  - libssh2=1.8.2=h1ba5d50_0
  - libstdcxx-ng=8.2.0=hdf63c60_1
  - ncurses=6.1=he6710b0_1
  - openssl=1.1.1d=h7b6447c_3
  - pcre=8.43=he6710b0_0
  - perl=5.26.2=h14c3975_0
  - perl-app-cpanminus=1.7044=pl526_1
  - perl-archive-tar=2.32=pl526_0
  - perl-base=2.23=pl526_1
  - perl-business-isbn=3.004=pl526_0
  - perl-business-isbn-data=20140910.003=pl526_0
  - perl-carp=1.38=pl526_3
  - perl-common-sense=3.74=pl526_2
  - perl-compress-raw-bzip2=2.087=pl526he1b5a44_0
  - perl-compress-raw-zlib=2.087=pl526hc9558a2_0
  - perl-constant=1.33=pl526_1
  - perl-data-dumper=2.173=pl526_0
  - perl-digest-hmac=1.03=pl526_3
  - perl-digest-md5=2.55=pl526_0
  - perl-encode=2.88=pl526_1
  - perl-encode-locale=1.05=pl526_6
  - perl-exporter=5.72=pl526_1
  - perl-exporter-tiny=1.002001=pl526_0
  - perl-extutils-makemaker=7.36=pl526_1
  - perl-file-listing=6.04=pl526_1
  - perl-file-path=2.16=pl526_0
  - perl-file-temp=0.2304=pl526_2
  - perl-html-parser=3.72=pl526h6bb024c_5
  - perl-html-tagset=3.20=pl526_3
  - perl-html-tree=5.07=pl526_1
  - perl-http-cookies=6.04=pl526_0
  - perl-http-daemon=6.01=pl526_1
  - perl-http-date=6.02=pl526_3
  - perl-http-message=6.18=pl526_0
  - perl-http-negotiate=6.01=pl526_3
  - perl-io-compress=2.087=pl526he1b5a44_0
  - perl-io-html=1.001=pl526_2
  - perl-io-socket-ssl=2.066=pl526_0
  - perl-io-zlib=1.10=pl526_2
  - perl-json=4.02=pl526_0
  - perl-json-xs=2.34=pl526h6bb024c_3
  - perl-libwww-perl=6.39=pl526_0
  - perl-list-moreutils=0.428=pl526_1
  - perl-list-moreutils-xs=0.428=pl526_0
  - perl-lwp-mediatypes=6.04=pl526_0
  - perl-lwp-protocol-https=6.07=pl526_4
  - perl-mime-base64=3.15=pl526_1
  - perl-mozilla-ca=20180117=pl526_1
  - perl-net-http=6.19=pl526_0
  - perl-net-ssleay=1.88=pl526h90d6eec_0
  - perl-ntlm=1.09=pl526_4
  - perl-parent=0.236=pl526_1
  - perl-pathtools=3.75=pl526h14c3975_1
  - perl-scalar-list-utils=1.52=pl526h516909a_0
  - perl-socket=2.027=pl526_1
  - perl-storable=3.15=pl526h14c3975_0
  - perl-test-requiresinternet=0.05=pl526_0
  - perl-time-local=1.28=pl526_1
  - perl-try-tiny=0.30=pl526_1
  - perl-types-serialiser=1.0=pl526_2
  - perl-uri=1.76=pl526_0
  - perl-www-robotrules=6.02=pl526_3
  - perl-xml-namespacesupport=1.12=pl526_0
  - perl-xml-parser=2.44=pl526h4e0c4b3_7
  - perl-xml-sax=1.02=pl526_0
  - perl-xml-sax-base=1.09=pl526_0
  - perl-xml-sax-expat=0.51=pl526_3
  - perl-xml-simple=2.25=pl526_1
  - perl-xsloader=0.24=pl526_0
  - pip=19.3.1=py37_0
  - pycosat=0.6.3=py37h14c3975_0
  - pycparser=2.19=py37_0
  - pyopenssl=18.0.0=py37_0
  - pysocks=1.6.8=py37_0
  - python=3.7.4=h265db76_1
  - readline=7.0=h7b6447c_5
  - requests=2.21.0=py37_0
  - ruamel_yaml=0.15.46=py37h14c3975_0
  - setuptools=41.4.0=py37_0
  - six=1.12.0=py37_0
  - sqlite=3.30.1=h7b6447c_0
  - tk=8.6.8=hbc83047_0
  - tqdm=4.36.1=py_0
  - urllib3=1.24.1=py37_0
  - wheel=0.33.6=py37_0
  - xz=5.2.4=h14c3975_4
  - yaml=0.1.7=had09818_2
  - zlib=1.2.11=h7b6447c_3
prefix: /scratch/users/jsbaker/miniconda3

